	Global_reactive_power	Global_active_power	Voltage	Global_intensity	Global_apparent_power	Power_factor
Global_reactive_power	1.0	0.24402052461356086	-0.12489249518466411	0.2637910649211892	0.34234815115686185	-0.5702614968344798
Global_active_power	0.24402052461356086	1.0	-0.43330432942760416	0.9988944788471392	0.9947099126497766	0.40388629383162267
Voltage	-0.12489249518466411	-0.43330432942760416	1.0	-0.44430527271183706	-0.4330413723954413	-0.1362654733147667
Global_intensity	0.2637910649211892	0.9988944788471392	-0.44430527271183706	1.0	0.9957330294337476	0.3847360673114941
Global_apparent_power	0.34234815115686185	0.9947099126497766	-0.4330413723954413	0.9957330294337476	1.0	0.3309044888232307
Power_factor	-0.5702614968344798	0.40388629383162267	-0.1362654733147667	0.3847360673114941	0.3309044888232307	1.0
