	Global_reactive_power	Global_active_power	Voltage	Global_intensity	Global_apparent_power	Power_factor
Global_reactive_power	1.0	0.25128069321010826	-0.12068522186178535	0.2749840918939113	0.36162704441241256	-0.5788480250797988
Global_active_power	0.25128069321010826	1.0	-0.42075777504002093	0.9986515181495207	0.9932784668796079	0.41260620917838986
Voltage	-0.12068522186178535	-0.42075777504002093	1.0	-0.4322070581994173	-0.41971827937005796	-0.15121811425241838
Global_intensity	0.2749840918939113	0.9986515181495207	-0.4322070581994173	1.0	0.9948141711087842	0.39063455706175165
Global_apparent_power	0.36162704441241256	0.9932784668796079	-0.41971827937005796	0.9948141711087842	1.0	0.3282118944568173
Power_factor	-0.5788480250797988	0.41260620917838986	-0.15121811425241838	0.39063455706175165	0.3282118944568173	1.0
