	Global_reactive_power	Global_active_power	Voltage	Global_intensity	Global_apparent_power	Power_factor
Global_reactive_power	1.0	0.24959745173318626	-0.12472465877987612	0.2726359609446203	0.35819145743739733	-0.5800830524173513
Global_active_power	0.24959745173318626	1.0	-0.42754748883395666	0.9986950513835218	0.9935015729228379	0.41137647141185896
Voltage	-0.12472465877987612	-0.42754748883395666	1.0	-0.43879545704301115	-0.4268859589838522	-0.15161049238007632
Global_intensity	0.2726359609446203	0.9986950513835218	-0.43879545704301115	1.0	0.9949513002751404	0.389929461399876
Global_apparent_power	0.35819145743739733	0.9935015729228379	-0.4268859589838522	0.9949513002751404	1.0	0.32845238998269094
Power_factor	-0.5800830524173513	0.41137647141185896	-0.15161049238007632	0.389929461399876	0.32845238998269094	1.0
